(kicad_pcb (version 20171130) (host pcbnew 5.1.5-52549c5~84~ubuntu18.04.1)

  (general
    (thickness 1.6)
    (drawings 30)
    (tracks 1605)
    (zones 0)
    (modules 252)
    (nets 237)
  )

  (page A4)
  (layers
    (0 F.Cu signal)
    (31 B.Cu signal)
    (32 B.Adhes user)
    (33 F.Adhes user)
    (34 B.Paste user)
    (35 F.Paste user)
    (36 B.SilkS user)
    (37 F.SilkS user)
    (38 B.Mask user)
    (39 F.Mask user)
    (40 Dwgs.User user)
    (41 Cmts.User user)
    (42 Eco1.User user)
    (43 Eco2.User user)
    (44 Edge.Cuts user)
    (45 Margin user)
    (46 B.CrtYd user)
    (47 F.CrtYd user)
    (48 B.Fab user hide)
    (49 F.Fab user hide)
  )

  (setup
    (last_trace_width 0.25)
    (user_trace_width 0.2)
    (user_trace_width 0.25)
    (user_trace_width 0.3)
    (user_trace_width 0.35)
    (user_trace_width 0.4)
    (user_trace_width 0.45)
    (user_trace_width 0.5)
    (user_trace_width 0.55)
    (user_trace_width 0.6)
    (user_trace_width 0.65)
    (user_trace_width 0.7)
    (user_trace_width 0.75)
    (user_trace_width 0.8)
    (user_trace_width 0.85)
    (user_trace_width 0.9)
    (user_trace_width 0.95)
    (user_trace_width 1)
    (user_trace_width 1.05)
    (user_trace_width 1.1)
    (user_trace_width 1.15)
    (user_trace_width 1.2)
    (user_trace_width 1.25)
    (user_trace_width 1.3)
    (user_trace_width 1.35)
    (user_trace_width 1.4)
    (user_trace_width 1.45)
    (user_trace_width 1.5)
    (user_trace_width 1.55)
    (user_trace_width 1.6)
    (trace_clearance 0.2)
    (zone_clearance 0.068)
    (zone_45_only no)
    (trace_min 0.2)
    (via_size 0.8)
    (via_drill 0.4)
    (via_min_size 0.4)
    (via_min_drill 0.3)
    (user_via 0.4 0.3)
    (user_via 0.5 0.4)
    (user_via 0.6 0.4)
    (user_via 0.8 0.6)
    (user_via 1 0.8)
    (uvia_size 0.3)
    (uvia_drill 0.1)
    (uvias_allowed no)
    (uvia_min_size 0.2)
    (uvia_min_drill 0.1)
    (edge_width 0.05)
    (segment_width 0.2)
    (pcb_text_width 0.3)
    (pcb_text_size 1.5 1.5)
    (mod_edge_width 0.12)
    (mod_text_size 1 1)
    (mod_text_width 0.15)
    (pad_size 3.8 3.8)
    (pad_drill 2.2)
    (pad_to_mask_clearance 0.051)
    (solder_mask_min_width 0.25)
    (aux_axis_origin 0 0)
    (visible_elements 7FFFFFFF)
    (pcbplotparams
      (layerselection 0x010fc_ffffffff)
      (usegerberextensions false)
      (usegerberattributes false)
      (usegerberadvancedattributes false)
      (creategerberjobfile false)
      (excludeedgelayer true)
      (linewidth 0.100000)
      (plotframeref false)
      (viasonmask false)
      (mode 1)
      (useauxorigin false)
      (hpglpennumber 1)
      (hpglpenspeed 20)
      (hpglpendiameter 15.000000)
      (psnegative false)
      (psa4output false)
      (plotreference true)
      (plotvalue true)
      (plotinvisibletext false)
      (padsonsilk false)
      (subtractmaskfromsilk false)
      (outputformat 1)
      (mirror false)
      (drillshape 1)
      (scaleselection 1)
      (outputdirectory ""))
  )

  (net 0 "")
  (net 1 GND)
  (net 2 VDDA)
  (net 3 VREF)
  (net 4 "Net-(C3-Pad2)")
  (net 5 "Net-(C4-Pad2)")
  (net 6 "Net-(C5-Pad2)")
  (net 7 "Net-(C6-Pad2)")
  (net 8 "Net-(C7-Pad2)")
  (net 9 +BATT)
  (net 10 ADC2_3)
  (net 11 +5V)
  (net 12 +3V3)
  (net 13 "Net-(C22-Pad2)")
  (net 14 TX)
  (net 15 "Net-(C23-Pad2)")
  (net 16 RX)
  (net 17 "Net-(C24-Pad1)")
  (net 18 "Net-(C25-Pad1)")
  (net 19 "Net-(C27-Pad2)")
  (net 20 "Net-(C27-Pad1)")
  (net 21 "Net-(C29-Pad2)")
  (net 22 "Net-(C30-Pad1)")
  (net 23 "Net-(C32-Pad1)")
  (net 24 "Net-(C33-Pad1)")
  (net 25 "Net-(C34-Pad1)")
  (net 26 "Net-(C37-Pad1)")
  (net 27 "Net-(C38-Pad2)")
  (net 28 "Net-(C38-Pad1)")
  (net 29 "Net-(C39-Pad1)")
  (net 30 "Net-(C40-Pad2)")
  (net 31 "Net-(C40-Pad1)")
  (net 32 "Net-(C41-Pad1)")
  (net 33 "Net-(C45-Pad1)")
  (net 34 "Net-(C46-Pad2)")
  (net 35 "Net-(C50-Pad2)")
  (net 36 "Net-(C50-Pad1)")
  (net 37 "Net-(C51-Pad1)")
  (net 38 "Net-(C52-Pad2)")
  (net 39 "Net-(C54-Pad2)")
  (net 40 "Net-(C57-Pad1)")
  (net 41 "Net-(C58-Pad1)")
  (net 42 "Net-(C61-Pad1)")
  (net 43 "Net-(C62-Pad2)")
  (net 44 "Net-(C63-Pad1)")
  (net 45 "Net-(C65-Pad1)")
  (net 46 "Net-(C66-Pad2)")
  (net 47 "Net-(C66-Pad1)")
  (net 48 "Net-(C68-Pad1)")
  (net 49 "Net-(C69-Pad1)")
  (net 50 "Net-(C70-Pad1)")
  (net 51 "Net-(C72-Pad2)")
  (net 52 "Net-(C72-Pad1)")
  (net 53 ADC1_0)
  (net 54 "Net-(C74-Pad1)")
  (net 55 BATT_ANALOG)
  (net 56 "Net-(C76-Pad1)")
  (net 57 "Net-(C78-Pad1)")
  (net 58 "Net-(C79-Pad2)")
  (net 59 "Net-(C80-Pad2)")
  (net 60 MIC_AMP_IN)
  (net 61 "Net-(C81-Pad1)")
  (net 62 "Net-(C83-Pad2)")
  (net 63 "Net-(C84-Pad1)")
  (net 64 "Net-(C87-Pad2)")
  (net 65 "Net-(C88-Pad2)")
  (net 66 "Net-(C88-Pad1)")
  (net 67 "Net-(C89-Pad2)")
  (net 68 "Net-(C90-Pad2)")
  (net 69 "Net-(C91-Pad2)")
  (net 70 "Net-(C92-Pad1)")
  (net 71 "Net-(C93-Pad1)")
  (net 72 "Net-(C95-Pad2)")
  (net 73 "Net-(C96-Pad2)")
  (net 74 "Net-(D1-Pad1)")
  (net 75 "Net-(D3-Pad1)")
  (net 76 "Net-(D4-Pad1)")
  (net 77 "Net-(F1-Pad1)")
  (net 78 "Net-(J1-Pad1)")
  (net 79 "Net-(J2-Pad1)")
  (net 80 "Net-(J3-Pad4)")
  (net 81 "Net-(J3-Pad3)")
  (net 82 "Net-(J3-Pad2)")
  (net 83 SWDIO)
  (net 84 SWCLK)
  (net 85 NRST)
  (net 86 "Net-(J5-Pad2)")
  (net 87 TFT_LED)
  (net 88 SPI1_CS)
  (net 89 SPI1_SCK)
  (net 90 SPI1_MOSI)
  (net 91 TFT_RST)
  (net 92 UART2_RX)
  (net 93 "Net-(J10-Pad5)")
  (net 94 "Net-(J10-Pad4)")
  (net 95 GPS_EN)
  (net 96 UART1_RX)
  (net 97 UART1_TX)
  (net 98 SD_D1)
  (net 99 SD_D0)
  (net 100 SD_CLK)
  (net 101 SD_CMD)
  (net 102 SD_D3)
  (net 103 SD_D2)
  (net 104 UART7_RX)
  (net 105 UART7_TX)
  (net 106 "Net-(OS1-Pad3)")
  (net 107 "Net-(OS1-Pad1)")
  (net 108 BOOT0)
  (net 109 PTT)
  (net 110 BLIGHT_CTRL)
  (net 111 "Net-(Q4-Pad3)")
  (net 112 SPK_AMP_SEL)
  (net 113 "Net-(Q5-Pad3)")
  (net 114 FM_MOD_SEL)
  (net 115 USBDP)
  (net 116 USBDM)
  (net 117 FM_MOD)
  (net 118 "Net-(R9-Pad1)")
  (net 119 "Net-(R11-Pad1)")
  (net 120 "Net-(R13-Pad1)")
  (net 121 PA_BIAS)
  (net 122 "Net-(R19-Pad2)")
  (net 123 SPI2_SCK)
  (net 124 "Net-(R20-Pad2)")
  (net 125 SPI2_MISO)
  (net 126 "Net-(R21-Pad2)")
  (net 127 SPI2_MOSI)
  (net 128 PA_RAMP)
  (net 129 "Net-(R27-Pad1)")
  (net 130 ADC3_1)
  (net 131 SPK_AMP)
  (net 132 LED_RED)
  (net 133 LED_GRN)
  (net 134 "Net-(R51-Pad2)")
  (net 135 "Net-(R52-Pad2)")
  (net 136 I2C1_SCL)
  (net 137 I2C1_SDA)
  (net 138 "Net-(R55-Pad2)")
  (net 139 "Net-(R56-Pad2)")
  (net 140 ADF_SWD)
  (net 141 "Net-(R60-Pad1)")
  (net 142 "Net-(RV1-Pad2)")
  (net 143 "Net-(U1-Pad98)")
  (net 144 "Net-(U1-Pad96)")
  (net 145 "Net-(U1-Pad95)")
  (net 146 UART2_TX)
  (net 147 "Net-(U1-Pad84)")
  (net 148 "Net-(U1-Pad77)")
  (net 149 "Net-(U1-Pad64)")
  (net 150 "Net-(U1-Pad63)")
  (net 151 "Net-(U1-Pad62)")
  (net 152 ADF_SCLK)
  (net 153 ADF_SREAD)
  (net 154 ADF_SDATA)
  (net 155 ADF_SLE)
  (net 156 ADF_CE)
  (net 157 "Net-(U1-Pad51)")
  (net 158 UART3_RX)
  (net 159 UART3_TX)
  (net 160 WIFI_EN)
  (net 161 WIFI_RST)
  (net 162 "Net-(U1-Pad43)")
  (net 163 "Net-(U1-Pad42)")
  (net 164 "Net-(U1-Pad41)")
  (net 165 "Net-(U1-Pad36)")
  (net 166 "Net-(U1-Pad33)")
  (net 167 "Net-(U1-Pad32)")
  (net 168 "Net-(U1-Pad31)")
  (net 169 "Net-(U1-Pad30)")
  (net 170 AUDIO_DAC)
  (net 171 "Net-(U1-Pad24)")
  (net 172 "Net-(U1-Pad18)")
  (net 173 "Net-(U1-Pad16)")
  (net 174 "Net-(U1-Pad15)")
  (net 175 "Net-(U1-Pad13)")
  (net 176 "Net-(U1-Pad9)")
  (net 177 "Net-(U1-Pad8)")
  (net 178 "Net-(U1-Pad7)")
  (net 179 TRX_SW)
  (net 180 "Net-(U1-Pad4)")
  (net 181 "Net-(U1-Pad3)")
  (net 182 "Net-(U1-Pad2)")
  (net 183 "Net-(U1-Pad1)")
  (net 184 "Net-(U5-Pad38)")
  (net 185 "Net-(U5-Pad30)")
  (net 186 "Net-(U5-Pad23)")
  (net 187 "Net-(U5-Pad21)")
  (net 188 "Net-(U5-Pad20)")
  (net 189 "Net-(U5-Pad18)")
  (net 190 "Net-(U5-Pad17)")
  (net 191 "Net-(U5-Pad16)")
  (net 192 "Net-(U5-Pad15)")
  (net 193 "Net-(U5-Pad14)")
  (net 194 "Net-(U5-Pad13)")
  (net 195 "Net-(U7-Pad6)")
  (net 196 "Net-(U9-Pad8)")
  (net 197 "Net-(U9-Pad5)")
  (net 198 "Net-(U9-Pad1)")
  (net 199 "Net-(U10-Pad8)")
  (net 200 "Net-(U10-Pad7)")
  (net 201 "Net-(U10-Pad1)")
  (net 202 "Net-(U11-Pad13)")
  (net 203 "Net-(U11-Pad12)")
  (net 204 "Net-(U11-Pad11)")
  (net 205 "Net-(U11-Pad10)")
  (net 206 "Net-(U11-Pad9)")
  (net 207 "Net-(X1-Pad1)")
  (net 208 "Net-(D5-Pad1)")
  (net 209 "Net-(C99-Pad1)")
  (net 210 "Net-(C100-Pad2)")
  (net 211 "Net-(C100-Pad1)")
  (net 212 "Net-(C102-Pad1)")
  (net 213 "Net-(R62-Pad1)")
  (net 214 "Net-(U14-Pad24)")
  (net 215 MEM_D1)
  (net 216 MEM_D0)
  (net 217 MEM_CLK)
  (net 218 MEM_CS)
  (net 219 MEM_D3)
  (net 220 MEM_D2)
  (net 221 "Net-(U14-Pad16)")
  (net 222 "Net-(U14-Pad12)")
  (net 223 "Net-(U14-Pad10)")
  (net 224 "Net-(U14-Pad9)")
  (net 225 "Net-(U14-Pad8)")
  (net 226 "Net-(U14-Pad6)")
  (net 227 "Net-(U14-Pad5)")
  (net 228 "Net-(R18-Pad1)")
  (net 229 "Net-(R63-Pad1)")
  (net 230 "Net-(D6-Pad2)")
  (net 231 "Net-(L14-Pad2)")
  (net 232 "Net-(L14-Pad1)")
  (net 233 VIBRATE)
  (net 234 "Net-(J12-Pad3)")
  (net 235 "Net-(R69-Pad2)")
  (net 236 ADF_MUXOUT)

  (net_class Default "This is the default net class."
    (clearance 0.2)
    (trace_width 0.25)
    (via_dia 0.8)
    (via_drill 0.4)
    (uvia_dia 0.3)
    (uvia_drill 0.1)
    (add_net +3V3)
    (add_net +5V)
    (add_net +BATT)
    (add_net ADC1_0)
    (add_net ADC2_3)
    (add_net ADC3_1)
    (add_net ADF_CE)
    (add_net ADF_MUXOUT)
    (add_net ADF_SCLK)
    (add_net ADF_SDATA)
    (add_net ADF_SLE)
    (add_net ADF_SREAD)
    (add_net ADF_SWD)
    (add_net AUDIO_DAC)
    (add_net BATT_ANALOG)
    (add_net BLIGHT_CTRL)
    (add_net BOOT0)
    (add_net FM_MOD)
    (add_net FM_MOD_SEL)
    (add_net GND)
    (add_net GPS_EN)
    (add_net I2C1_SCL)
    (add_net I2C1_SDA)
    (add_net LED_GRN)
    (add_net LED_RED)
    (add_net MEM_CLK)
    (add_net MEM_CS)
    (add_net MEM_D0)
    (add_net MEM_D1)
    (add_net MEM_D2)
    (add_net MEM_D3)
    (add_net MIC_AMP_IN)
    (add_net NRST)
    (add_net "Net-(C100-Pad1)")
    (add_net "Net-(C100-Pad2)")
    (add_net "Net-(C102-Pad1)")
    (add_net "Net-(C22-Pad2)")
    (add_net "Net-(C23-Pad2)")
    (add_net "Net-(C24-Pad1)")
    (add_net "Net-(C25-Pad1)")
    (add_net "Net-(C27-Pad1)")
    (add_net "Net-(C27-Pad2)")
    (add_net "Net-(C29-Pad2)")
    (add_net "Net-(C3-Pad2)")
    (add_net "Net-(C30-Pad1)")
    (add_net "Net-(C32-Pad1)")
    (add_net "Net-(C33-Pad1)")
    (add_net "Net-(C34-Pad1)")
    (add_net "Net-(C37-Pad1)")
    (add_net "Net-(C38-Pad1)")
    (add_net "Net-(C38-Pad2)")
    (add_net "Net-(C39-Pad1)")
    (add_net "Net-(C4-Pad2)")
    (add_net "Net-(C40-Pad1)")
    (add_net "Net-(C40-Pad2)")
    (add_net "Net-(C41-Pad1)")
    (add_net "Net-(C45-Pad1)")
    (add_net "Net-(C46-Pad2)")
    (add_net "Net-(C5-Pad2)")
    (add_net "Net-(C50-Pad1)")
    (add_net "Net-(C50-Pad2)")
    (add_net "Net-(C51-Pad1)")
    (add_net "Net-(C52-Pad2)")
    (add_net "Net-(C54-Pad2)")
    (add_net "Net-(C57-Pad1)")
    (add_net "Net-(C58-Pad1)")
    (add_net "Net-(C6-Pad2)")
    (add_net "Net-(C61-Pad1)")
    (add_net "Net-(C62-Pad2)")
    (add_net "Net-(C63-Pad1)")
    (add_net "Net-(C65-Pad1)")
    (add_net "Net-(C66-Pad1)")
    (add_net "Net-(C66-Pad2)")
    (add_net "Net-(C68-Pad1)")
    (add_net "Net-(C69-Pad1)")
    (add_net "Net-(C7-Pad2)")
    (add_net "Net-(C70-Pad1)")
    (add_net "Net-(C72-Pad1)")
    (add_net "Net-(C72-Pad2)")
    (add_net "Net-(C74-Pad1)")
    (add_net "Net-(C76-Pad1)")
    (add_net "Net-(C78-Pad1)")
    (add_net "Net-(C79-Pad2)")
    (add_net "Net-(C80-Pad2)")
    (add_net "Net-(C81-Pad1)")
    (add_net "Net-(C83-Pad2)")
    (add_net "Net-(C84-Pad1)")
    (add_net "Net-(C87-Pad2)")
    (add_net "Net-(C88-Pad1)")
    (add_net "Net-(C88-Pad2)")
    (add_net "Net-(C89-Pad2)")
    (add_net "Net-(C90-Pad2)")
    (add_net "Net-(C91-Pad2)")
    (add_net "Net-(C92-Pad1)")
    (add_net "Net-(C93-Pad1)")
    (add_net "Net-(C95-Pad2)")
    (add_net "Net-(C96-Pad2)")
    (add_net "Net-(C99-Pad1)")
    (add_net "Net-(D1-Pad1)")
    (add_net "Net-(D3-Pad1)")
    (add_net "Net-(D4-Pad1)")
    (add_net "Net-(D5-Pad1)")
    (add_net "Net-(D6-Pad2)")
    (add_net "Net-(F1-Pad1)")
    (add_net "Net-(J1-Pad1)")
    (add_net "Net-(J10-Pad4)")
    (add_net "Net-(J10-Pad5)")
    (add_net "Net-(J12-Pad3)")
    (add_net "Net-(J2-Pad1)")
    (add_net "Net-(J3-Pad2)")
    (add_net "Net-(J3-Pad3)")
    (add_net "Net-(J3-Pad4)")
    (add_net "Net-(J5-Pad2)")
    (add_net "Net-(L14-Pad1)")
    (add_net "Net-(L14-Pad2)")
    (add_net "Net-(OS1-Pad1)")
    (add_net "Net-(OS1-Pad3)")
    (add_net "Net-(Q4-Pad3)")
    (add_net "Net-(Q5-Pad3)")
    (add_net "Net-(R11-Pad1)")
    (add_net "Net-(R13-Pad1)")
    (add_net "Net-(R18-Pad1)")
    (add_net "Net-(R19-Pad2)")
    (add_net "Net-(R20-Pad2)")
    (add_net "Net-(R21-Pad2)")
    (add_net "Net-(R27-Pad1)")
    (add_net "Net-(R51-Pad2)")
    (add_net "Net-(R52-Pad2)")
    (add_net "Net-(R55-Pad2)")
    (add_net "Net-(R56-Pad2)")
    (add_net "Net-(R60-Pad1)")
    (add_net "Net-(R62-Pad1)")
    (add_net "Net-(R63-Pad1)")
    (add_net "Net-(R69-Pad2)")
    (add_net "Net-(R9-Pad1)")
    (add_net "Net-(RV1-Pad2)")
    (add_net "Net-(U1-Pad1)")
    (add_net "Net-(U1-Pad13)")
    (add_net "Net-(U1-Pad15)")
    (add_net "Net-(U1-Pad16)")
    (add_net "Net-(U1-Pad18)")
    (add_net "Net-(U1-Pad2)")
    (add_net "Net-(U1-Pad24)")
    (add_net "Net-(U1-Pad3)")
    (add_net "Net-(U1-Pad30)")
    (add_net "Net-(U1-Pad31)")
    (add_net "Net-(U1-Pad32)")
    (add_net "Net-(U1-Pad33)")
    (add_net "Net-(U1-Pad36)")
    (add_net "Net-(U1-Pad4)")
    (add_net "Net-(U1-Pad41)")
    (add_net "Net-(U1-Pad42)")
    (add_net "Net-(U1-Pad43)")
    (add_net "Net-(U1-Pad51)")
    (add_net "Net-(U1-Pad62)")
    (add_net "Net-(U1-Pad63)")
    (add_net "Net-(U1-Pad64)")
    (add_net "Net-(U1-Pad7)")
    (add_net "Net-(U1-Pad77)")
    (add_net "Net-(U1-Pad8)")
    (add_net "Net-(U1-Pad84)")
    (add_net "Net-(U1-Pad9)")
    (add_net "Net-(U1-Pad95)")
    (add_net "Net-(U1-Pad96)")
    (add_net "Net-(U1-Pad98)")
    (add_net "Net-(U10-Pad1)")
    (add_net "Net-(U10-Pad7)")
    (add_net "Net-(U10-Pad8)")
    (add_net "Net-(U11-Pad10)")
    (add_net "Net-(U11-Pad11)")
    (add_net "Net-(U11-Pad12)")
    (add_net "Net-(U11-Pad13)")
    (add_net "Net-(U11-Pad9)")
    (add_net "Net-(U14-Pad10)")
    (add_net "Net-(U14-Pad12)")
    (add_net "Net-(U14-Pad16)")
    (add_net "Net-(U14-Pad24)")
    (add_net "Net-(U14-Pad5)")
    (add_net "Net-(U14-Pad6)")
    (add_net "Net-(U14-Pad8)")
    (add_net "Net-(U14-Pad9)")
    (add_net "Net-(U5-Pad13)")
    (add_net "Net-(U5-Pad14)")
    (add_net "Net-(U5-Pad15)")
    (add_net "Net-(U5-Pad16)")
    (add_net "Net-(U5-Pad17)")
    (add_net "Net-(U5-Pad18)")
    (add_net "Net-(U5-Pad20)")
    (add_net "Net-(U5-Pad21)")
    (add_net "Net-(U5-Pad23)")
    (add_net "Net-(U5-Pad30)")
    (add_net "Net-(U5-Pad38)")
    (add_net "Net-(U7-Pad6)")
    (add_net "Net-(U9-Pad1)")
    (add_net "Net-(U9-Pad5)")
    (add_net "Net-(U9-Pad8)")
    (add_net "Net-(X1-Pad1)")
    (add_net PA_BIAS)
    (add_net PA_RAMP)
    (add_net PTT)
    (add_net RX)
    (add_net SD_CLK)
    (add_net SD_CMD)
    (add_net SD_D0)
    (add_net SD_D1)
    (add_net SD_D2)
    (add_net SD_D3)
    (add_net SPI1_CS)
    (add_net SPI1_MOSI)
    (add_net SPI1_SCK)
    (add_net SPI2_MISO)
    (add_net SPI2_MOSI)
    (add_net SPI2_SCK)
    (add_net SPK_AMP)
    (add_net SPK_AMP_SEL)
    (add_net SWCLK)
    (add_net SWDIO)
    (add_net TFT_LED)
    (add_net TFT_RST)
    (add_net TRX_SW)
    (add_net TX)
    (add_net UART1_RX)
    (add_net UART1_TX)
    (add_net UART2_RX)
    (add_net UART2_TX)
    (add_net UART3_RX)
    (add_net UART3_TX)
    (add_net UART7_RX)
    (add_net UART7_TX)
    (add_net USBDM)
    (add_net USBDP)
    (add_net VDDA)
    (add_net VIBRATE)
    (add_net VREF)
    (add_net WIFI_EN)
    (add_net WIFI_RST)
  )

  (module Resistor_SMD:R_0603_1608Metric (layer B.Cu) (tedit 5B301BBD) (tstamp 5E523498)
    (at 34.036 108.8136 90)
    (descr "Resistor SMD 0603 (1608 Metric), square (rectangular) end terminal, IPC_7351 nominal, (Body size source: http://www.tortai-tech.com/upload/download/2011102023233369053.pdf), generated with kicad-footprint-generator")
    (tags resistor)
    (path /5DF0E505/5E5B26C4)
    (attr smd)
    (fp_text reference R69 (at -1.9304 0.0508 180) (layer B.SilkS)
      (effects (font (size 1 1) (thickness 0.15)) (justify mirror))
    )
    (fp_text value 1k (at 0 -1.43 270) (layer B.Fab)
      (effects (font (size 1 1) (thickness 0.15)) (justify mirror))
    )
    (fp_text user %R (at 0 0 270) (layer B.Fab)
      (effects (font (size 0.4 0.4) (thickness 0.06)) (justify mirror))
    )
    (fp_line (start 1.48 -0.73) (end -1.48 -0.73) (layer B.CrtYd) (width 0.05))
    (fp_line (start 1.48 0.73) (end 1.48 -0.73) (layer B.CrtYd) (width 0.05))
    (fp_line (start -1.48 0.73) (end 1.48 0.73) (layer B.CrtYd) (width 0.05))
    (fp_line (start -1.48 -0.73) (end -1.48 0.73) (layer B.CrtYd) (width 0.05))
    (fp_line (start -0.162779 -0.51) (end 0.162779 -0.51) (layer B.SilkS) (width 0.12))
    (fp_line (start -0.162779 0.51) (end 0.162779 0.51) (layer B.SilkS) (width 0.12))
    (fp_line (start 0.8 -0.4) (end -0.8 -0.4) (layer B.Fab) (width 0.1))
    (fp_line (start 0.8 0.4) (end 0.8 -0.4) (layer B.Fab) (width 0.1))
    (fp_line (start -0.8 0.4) (end 0.8 0.4) (layer B.Fab) (width 0.1))
    (fp_line (start -0.8 -0.4) (end -0.8 0.4) (layer B.Fab) (width 0.1))
    (pad 2 smd roundrect (at 0.7875 0 90) (size 0.875 0.95) (layers B.Cu B.Paste B.Mask) (roundrect_rratio 0.25)
      (net 235 "Net-(R69-Pad2)"))
    (pad 1 smd roundrect (at -0.7875 0 90) (size 0.875 0.95) (layers B.Cu B.Paste B.Mask) (roundrect_rratio 0.25)
      (net 236 ADF_MUXOUT))
    (model ${KISYS3DMOD}/Resistor_SMD.3dshapes/R_0603_1608Metric.wrl
      (at (xyz 0 0 0))
      (scale (xyz 1 1 1))
      (rotate (xyz 0 0 0))
    )
  )

  (module Resistor_SMD:R_0603_1608Metric (layer F.Cu) (tedit 5B301BBD) (tstamp 5E51CAB6)
    (at 165.709 162.726)
    (descr "Resistor SMD 0603 (1608 Metric), square (rectangular) end terminal, IPC_7351 nominal, (Body size source: http://www.tortai-tech.com/upload/download/2011102023233369053.pdf), generated with kicad-footprint-generator")
    (tags resistor)
    (path /5DF0AC25/5E57229A)
    (attr smd)
    (fp_text reference R68 (at 0 -1.43) (layer F.SilkS)
      (effects (font (size 1 1) (thickness 0.15)))
    )
    (fp_text value 22k (at 0 1.43) (layer F.Fab)
      (effects (font (size 1 1) (thickness 0.15)))
    )
    (fp_text user %R (at 0 0) (layer F.Fab)
      (effects (font (size 0.4 0.4) (thickness 0.06)))
    )
    (fp_line (start 1.48 0.73) (end -1.48 0.73) (layer F.CrtYd) (width 0.05))
    (fp_line (start 1.48 -0.73) (end 1.48 0.73) (layer F.CrtYd) (width 0.05))
    (fp_line (start -1.48 -0.73) (end 1.48 -0.73) (layer F.CrtYd) (width 0.05))
    (fp_line (start -1.48 0.73) (end -1.48 -0.73) (layer F.CrtYd) (width 0.05))
    (fp_line (start -0.162779 0.51) (end 0.162779 0.51) (layer F.SilkS) (width 0.12))
    (fp_line (start -0.162779 -0.51) (end 0.162779 -0.51) (layer F.SilkS) (width 0.12))
    (fp_line (start 0.8 0.4) (end -0.8 0.4) (layer F.Fab) (width 0.1))
    (fp_line (start 0.8 -0.4) (end 0.8 0.4) (layer F.Fab) (width 0.1))
    (fp_line (start -0.8 -0.4) (end 0.8 -0.4) (layer F.Fab) (width 0.1))
    (fp_line (start -0.8 0.4) (end -0.8 -0.4) (layer F.Fab) (width 0.1))
    (pad 2 smd roundrect (at 0.7875 0) (size 0.875 0.95) (layers F.Cu F.Paste F.Mask) (roundrect_rratio 0.25)
      (net 1 GND))
    (pad 1 smd roundrect (at -0.7875 0) (size 0.875 0.95) (layers F.Cu F.Paste F.Mask) (roundrect_rratio 0.25)
      (net 110 BLIGHT_CTRL))
    (model ${KISYS3DMOD}/Resistor_SMD.3dshapes/R_0603_1608Metric.wrl
      (at (xyz 0 0 0))
      (scale (xyz 1 1 1))
      (rotate (xyz 0 0 0))
    )
  )

  (module Resistor_SMD:R_0603_1608Metric (layer F.Cu) (tedit 5B301BBD) (tstamp 5E51CAA5)
    (at 157.949 163.176)
    (descr "Resistor SMD 0603 (1608 Metric), square (rectangular) end terminal, IPC_7351 nominal, (Body size source: http://www.tortai-tech.com/upload/download/2011102023233369053.pdf), generated with kicad-footprint-generator")
    (tags resistor)
    (path /5DE274F4/5E590041)
    (attr smd)
    (fp_text reference R67 (at 0 -1.43) (layer F.SilkS)
      (effects (font (size 1 1) (thickness 0.15)))
    )
    (fp_text value 22k (at 0 1.43) (layer F.Fab)
      (effects (font (size 1 1) (thickness 0.15)))
    )
    (fp_text user %R (at 0 0) (layer F.Fab)
      (effects (font (size 0.4 0.4) (thickness 0.06)))
    )
    (fp_line (start 1.48 0.73) (end -1.48 0.73) (layer F.CrtYd) (width 0.05))
    (fp_line (start 1.48 -0.73) (end 1.48 0.73) (layer F.CrtYd) (width 0.05))
    (fp_line (start -1.48 -0.73) (end 1.48 -0.73) (layer F.CrtYd) (width 0.05))
    (fp_line (start -1.48 0.73) (end -1.48 -0.73) (layer F.CrtYd) (width 0.05))
    (fp_line (start -0.162779 0.51) (end 0.162779 0.51) (layer F.SilkS) (width 0.12))
    (fp_line (start -0.162779 -0.51) (end 0.162779 -0.51) (layer F.SilkS) (width 0.12))
    (fp_line (start 0.8 0.4) (end -0.8 0.4) (layer F.Fab) (width 0.1))
    (fp_line (start 0.8 -0.4) (end 0.8 0.4) (layer F.Fab) (width 0.1))
    (fp_line (start -0.8 -0.4) (end 0.8 -0.4) (layer F.Fab) (width 0.1))
    (fp_line (start -0.8 0.4) (end -0.8 -0.4) (layer F.Fab) (width 0.1))
    (pad 2 smd roundrect (at 0.7875 0) (size 0.875 0.95) (layers F.Cu F.Paste F.Mask) (roundrect_rratio 0.25)
      (net 1 GND))
    (pad 1 smd roundrect (at -0.7875 0) (size 0.875 0.95) (layers F.Cu F.Paste F.Mask) (roundrect_rratio 0.25)
      (net 233 VIBRATE))
    (model ${KISYS3DMOD}/Resistor_SMD.3dshapes/R_0603_1608Metric.wrl
      (at (xyz 0 0 0))
      (scale (xyz 1 1 1))
      (rotate (xyz 0 0 0))
    )
  )

  (module Resistor_SMD:R_0603_1608Metric (layer F.Cu) (tedit 5B301BBD) (tstamp 5E51CA94)
    (at 145.189 163.176)
    (descr "Resistor SMD 0603 (1608 Metric), square (rectangular) end terminal, IPC_7351 nominal, (Body size source: http://www.tortai-tech.com/upload/download/2011102023233369053.pdf), generated with kicad-footprint-generator")
    (tags resistor)
    (path /5DFC2ACA/5E523055)
    (attr smd)
    (fp_text reference R66 (at 0 -1.43) (layer F.SilkS)
      (effects (font (size 1 1) (thickness 0.15)))
    )
    (fp_text value 22k (at 0 1.43) (layer F.Fab)
      (effects (font (size 1 1) (thickness 0.15)))
    )
    (fp_text user %R (at 0 0) (layer F.Fab)
      (effects (font (size 0.4 0.4) (thickness 0.06)))
    )
    (fp_line (start 1.48 0.73) (end -1.48 0.73) (layer F.CrtYd) (width 0.05))
    (fp_line (start 1.48 -0.73) (end 1.48 0.73) (layer F.CrtYd) (width 0.05))
    (fp_line (start -1.48 -0.73) (end 1.48 -0.73) (layer F.CrtYd) (width 0.05))
    (fp_line (start -1.48 0.73) (end -1.48 -0.73) (layer F.CrtYd) (width 0.05))
    (fp_line (start -0.162779 0.51) (end 0.162779 0.51) (layer F.SilkS) (width 0.12))
    (fp_line (start -0.162779 -0.51) (end 0.162779 -0.51) (layer F.SilkS) (width 0.12))
    (fp_line (start 0.8 0.4) (end -0.8 0.4) (layer F.Fab) (width 0.1))
    (fp_line (start 0.8 -0.4) (end 0.8 0.4) (layer F.Fab) (width 0.1))
    (fp_line (start -0.8 -0.4) (end 0.8 -0.4) (layer F.Fab) (width 0.1))
    (fp_line (start -0.8 0.4) (end -0.8 -0.4) (layer F.Fab) (width 0.1))
    (pad 2 smd roundrect (at 0.7875 0) (size 0.875 0.95) (layers F.Cu F.Paste F.Mask) (roundrect_rratio 0.25)
      (net 12 +3V3))
    (pad 1 smd roundrect (at -0.7875 0) (size 0.875 0.95) (layers F.Cu F.Paste F.Mask) (roundrect_rratio 0.25)
      (net 112 SPK_AMP_SEL))
    (model ${KISYS3DMOD}/Resistor_SMD.3dshapes/R_0603_1608Metric.wrl
      (at (xyz 0 0 0))
      (scale (xyz 1 1 1))
      (rotate (xyz 0 0 0))
    )
  )

  (module Resistor_SMD:R_0603_1608Metric (layer F.Cu) (tedit 5B301BBD) (tstamp 5E51CA83)
    (at 141.179 165.686)
    (descr "Resistor SMD 0603 (1608 Metric), square (rectangular) end terminal, IPC_7351 nominal, (Body size source: http://www.tortai-tech.com/upload/download/2011102023233369053.pdf), generated with kicad-footprint-generator")
    (tags resistor)
    (path /5DFC2ACA/5E522B7B)
    (attr smd)
    (fp_text reference R65 (at 0 -1.43) (layer F.SilkS)
      (effects (font (size 1 1) (thickness 0.15)))
    )
    (fp_text value 22k (at 0 1.43) (layer F.Fab)
      (effects (font (size 1 1) (thickness 0.15)))
    )
    (fp_text user %R (at 0 0) (layer F.Fab)
      (effects (font (size 0.4 0.4) (thickness 0.06)))
    )
    (fp_line (start 1.48 0.73) (end -1.48 0.73) (layer F.CrtYd) (width 0.05))
    (fp_line (start 1.48 -0.73) (end 1.48 0.73) (layer F.CrtYd) (width 0.05))
    (fp_line (start -1.48 -0.73) (end 1.48 -0.73) (layer F.CrtYd) (width 0.05))
    (fp_line (start -1.48 0.73) (end -1.48 -0.73) (layer F.CrtYd) (width 0.05))
    (fp_line (start -0.162779 0.51) (end 0.162779 0.51) (layer F.SilkS) (width 0.12))
    (fp_line (start -0.162779 -0.51) (end 0.162779 -0.51) (layer F.SilkS) (width 0.12))
    (fp_line (start 0.8 0.4) (end -0.8 0.4) (layer F.Fab) (width 0.1))
    (fp_line (start 0.8 -0.4) (end 0.8 0.4) (layer F.Fab) (width 0.1))
    (fp_line (start -0.8 -0.4) (end 0.8 -0.4) (layer F.Fab) (width 0.1))
    (fp_line (start -0.8 0.4) (end -0.8 -0.4) (layer F.Fab) (width 0.1))
    (pad 2 smd roundrect (at 0.7875 0) (size 0.875 0.95) (layers F.Cu F.Paste F.Mask) (roundrect_rratio 0.25)
      (net 12 +3V3))
    (pad 1 smd roundrect (at -0.7875 0) (size 0.875 0.95) (layers F.Cu F.Paste F.Mask) (roundrect_rratio 0.25)
      (net 114 FM_MOD_SEL))
    (model ${KISYS3DMOD}/Resistor_SMD.3dshapes/R_0603_1608Metric.wrl
      (at (xyz 0 0 0))
      (scale (xyz 1 1 1))
      (rotate (xyz 0 0 0))
    )
  )

  (module MountingHole:MountingHole_2.2mm_M2_ISO14580_Pad (layer F.Cu) (tedit 56D1B4CB) (tstamp 5E52AD14)
    (at 17.8308 30.3149)
    (descr "Mounting Hole 2.2mm, M2, ISO14580")
    (tags "mounting hole 2.2mm m2 iso14580")
    (path /5DEDCA32/5E5173B7)
    (attr virtual)
    (fp_text reference H5 (at 0 -2.9) (layer F.SilkS)
      (effects (font (size 1 1) (thickness 0.15)))
    )
    (fp_text value MountingHole_Pad (at 0 2.9) (layer F.Fab)
      (effects (font (size 1 1) (thickness 0.15)))
    )
    (fp_circle (center 0 0) (end 2.15 0) (layer F.CrtYd) (width 0.05))
    (fp_circle (center 0 0) (end 1.9 0) (layer Cmts.User) (width 0.15))
    (fp_text user %R (at 0.3 0) (layer F.Fab)
      (effects (font (size 1 1) (thickness 0.15)))
    )
    (pad 1 thru_hole circle (at 0 0) (size 3.8 3.8) (drill 2.2) (layers *.Cu *.Mask)
      (net 1 GND))
  )

  (module Capacitor_SMD:C_0603_1608Metric (layer F.Cu) (tedit 5B301BBE) (tstamp 5E51B070)
    (at 153.939 163.176)
    (descr "Capacitor SMD 0603 (1608 Metric), square (rectangular) end terminal, IPC_7351 nominal, (Body size source: http://www.tortai-tech.com/upload/download/2011102023233369053.pdf), generated with kicad-footprint-generator")
    (tags capacitor)
    (path /5DE274F4/5E604107)
    (attr smd)
    (fp_text reference C20 (at 0 -1.43) (layer F.SilkS)
      (effects (font (size 1 1) (thickness 0.15)))
    )
    (fp_text value 10n (at 0 1.43) (layer F.Fab)
      (effects (font (size 1 1) (thickness 0.15)))
    )
    (fp_text user %R (at 0 0) (layer F.Fab)
      (effects (font (size 0.4 0.4) (thickness 0.06)))
    )
    (fp_line (start 1.48 0.73) (end -1.48 0.73) (layer F.CrtYd) (width 0.05))
    (fp_line (start 1.48 -0.73) (end 1.48 0.73) (layer F.CrtYd) (width 0.05))
    (fp_line (start -1.48 -0.73) (end 1.48 -0.73) (layer F.CrtYd) (width 0.05))
    (fp_line (start -1.48 0.73) (end -1.48 -0.73) (layer F.CrtYd) (width 0.05))
    (fp_line (start -0.162779 0.51) (end 0.162779 0.51) (layer F.SilkS) (width 0.12))
    (fp_line (start -0.162779 -0.51) (end 0.162779 -0.51) (layer F.SilkS) (width 0.12))
    (fp_line (start 0.8 0.4) (end -0.8 0.4) (layer F.Fab) (width 0.1))
    (fp_line (start 0.8 -0.4) (end 0.8 0.4) (layer F.Fab) (width 0.1))
    (fp_line (start -0.8 -0.4) (end 0.8 -0.4) (layer F.Fab) (width 0.1))
    (fp_line (start -0.8 0.4) (end -0.8 -0.4) (layer F.Fab) (width 0.1))
    (pad 2 smd roundrect (at 0.7875 0) (size 0.875 0.95) (layers F.Cu F.Paste F.Mask) (roundrect_rratio 0.25)
      (net 12 +3V3))
    (pad 1 smd roundrect (at -0.7875 0) (size 0.875 0.95) (layers F.Cu F.Paste F.Mask) (roundrect_rratio 0.25)
      (net 1 GND))
    (model ${KISYS3DMOD}/Capacitor_SMD.3dshapes/C_0603_1608Metric.wrl
      (at (xyz 0 0 0))
      (scale (xyz 1 1 1))
      (rotate (xyz 0 0 0))
    )
  )

  (module Capacitor_SMD:C_0603_1608Metric (layer F.Cu) (tedit 5B301BBE) (tstamp 5E51B05F)
    (at 141.179 157.516)
    (descr "Capacitor SMD 0603 (1608 Metric), square (rectangular) end terminal, IPC_7351 nominal, (Body size source: http://www.tortai-tech.com/upload/download/2011102023233369053.pdf), generated with kicad-footprint-generator")
    (tags capacitor)
    (path /5E07B88F/5E5FADFD)
    (attr smd)
    (fp_text reference C19 (at 0 -1.43) (layer F.SilkS)
      (effects (font (size 1 1) (thickness 0.15)))
    )
    (fp_text value 100n (at 0 1.43) (layer F.Fab)
      (effects (font (size 1 1) (thickness 0.15)))
    )
    (fp_text user %R (at 0 0) (layer F.Fab)
      (effects (font (size 0.4 0.4) (thickness 0.06)))
    )
    (fp_line (start 1.48 0.73) (end -1.48 0.73) (layer F.CrtYd) (width 0.05))
    (fp_line (start 1.48 -0.73) (end 1.48 0.73) (layer F.CrtYd) (width 0.05))
    (fp_line (start -1.48 -0.73) (end 1.48 -0.73) (layer F.CrtYd) (width 0.05))
    (fp_line (start -1.48 0.73) (end -1.48 -0.73) (layer F.CrtYd) (width 0.05))
    (fp_line (start -0.162779 0.51) (end 0.162779 0.51) (layer F.SilkS) (width 0.12))
    (fp_line (start -0.162779 -0.51) (end 0.162779 -0.51) (layer F.SilkS) (width 0.12))
    (fp_line (start 0.8 0.4) (end -0.8 0.4) (layer F.Fab) (width 0.1))
    (fp_line (start 0.8 -0.4) (end 0.8 0.4) (layer F.Fab) (width 0.1))
    (fp_line (start -0.8 -0.4) (end 0.8 -0.4) (layer F.Fab) (width 0.1))
    (fp_line (start -0.8 0.4) (end -0.8 -0.4) (layer F.Fab) (width 0.1))
    (pad 2 smd roundrect (at 0.7875 0) (size 0.875 0.95) (layers F.Cu F.Paste F.Mask) (roundrect_rratio 0.25)
      (net 1 GND))
    (pad 1 smd roundrect (at -0.7875 0) (size 0.875 0.95) (layers F.Cu F.Paste F.Mask) (roundrect_rratio 0.25)
      (net 12 +3V3))
    (model ${KISYS3DMOD}/Capacitor_SMD.3dshapes/C_0603_1608Metric.wrl
      (at (xyz 0 0 0))
      (scale (xyz 1 1 1))
      (rotate (xyz 0 0 0))
    )
  )

  (module Capacitor_Tantalum_SMD:CP_EIA-3216-18_Kemet-A (layer F.Cu) (tedit 5B301BBE) (tstamp 5E51B04E)
    (at 142.044 154.686)
    (descr "Tantalum Capacitor SMD Kemet-A (3216-18 Metric), IPC_7351 nominal, (Body size from: http://www.kemet.com/Lists/ProductCatalog/Attachments/253/KEM_TC101_STD.pdf), generated with kicad-footprint-generator")
    (tags "capacitor tantalum")
    (path /5E07B88F/5E5507D1)
    (attr smd)
    (fp_text reference C18 (at 0 -1.75) (layer F.SilkS)
      (effects (font (size 1 1) (thickness 0.15)))
    )
    (fp_text value 22u/TA (at 0 1.75) (layer F.Fab)
      (effects (font (size 1 1) (thickness 0.15)))
    )
    (fp_text user %R (at 0 0) (layer F.Fab)
      (effects (font (size 0.8 0.8) (thickness 0.12)))
    )
    (fp_line (start 2.3 1.05) (end -2.3 1.05) (layer F.CrtYd) (width 0.05))
    (fp_line (start 2.3 -1.05) (end 2.3 1.05) (layer F.CrtYd) (width 0.05))
    (fp_line (start -2.3 -1.05) (end 2.3 -1.05) (layer F.CrtYd) (width 0.05))
    (fp_line (start -2.3 1.05) (end -2.3 -1.05) (layer F.CrtYd) (width 0.05))
    (fp_line (start -2.31 0.935) (end 1.6 0.935) (layer F.SilkS) (width 0.12))
    (fp_line (start -2.31 -0.935) (end -2.31 0.935) (layer F.SilkS) (width 0.12))
    (fp_line (start 1.6 -0.935) (end -2.31 -0.935) (layer F.SilkS) (width 0.12))
    (fp_line (start 1.6 0.8) (end 1.6 -0.8) (layer F.Fab) (width 0.1))
    (fp_line (start -1.6 0.8) (end 1.6 0.8) (layer F.Fab) (width 0.1))
    (fp_line (start -1.6 -0.4) (end -1.6 0.8) (layer F.Fab) (width 0.1))
    (fp_line (start -1.2 -0.8) (end -1.6 -0.4) (layer F.Fab) (width 0.1))
    (fp_line (start 1.6 -0.8) (end -1.2 -0.8) (layer F.Fab) (width 0.1))
    (pad 2 smd roundrect (at 1.35 0) (size 1.4 1.35) (layers F.Cu F.Paste F.Mask) (roundrect_rratio 0.185185)
      (net 1 GND))
    (pad 1 smd roundrect (at -1.35 0) (size 1.4 1.35) (layers F.Cu F.Paste F.Mask) (roundrect_rratio 0.185185)
      (net 12 +3V3))
    (model ${KISYS3DMOD}/Capacitor_Tantalum_SMD.3dshapes/CP_EIA-3216-18_Kemet-A.wrl
      (at (xyz 0 0 0))
      (scale (xyz 1 1 1))
      (rotate (xyz 0 0 0))
    )
  )

  (module Capacitor_SMD:C_0603_1608Metric (layer F.Cu) (tedit 5B301BBE) (tstamp 5E51AFCF)
    (at 141.179 163.176)
    (descr "Capacitor SMD 0603 (1608 Metric), square (rectangular) end terminal, IPC_7351 nominal, (Body size source: http://www.tortai-tech.com/upload/download/2011102023233369053.pdf), generated with kicad-footprint-generator")
    (tags capacitor)
    (path /5DFC2ACA/5E5C1D9A)
    (attr smd)
    (fp_text reference C14 (at 0 -1.43) (layer F.SilkS)
      (effects (font (size 1 1) (thickness 0.15)))
    )
    (fp_text value 100n (at 0 1.43) (layer F.Fab)
      (effects (font (size 1 1) (thickness 0.15)))
    )
    (fp_text user %R (at 0 0) (layer F.Fab)
      (effects (font (size 0.4 0.4) (thickness 0.06)))
    )
    (fp_line (start 1.48 0.73) (end -1.48 0.73) (layer F.CrtYd) (width 0.05))
    (fp_line (start 1.48 -0.73) (end 1.48 0.73) (layer F.CrtYd) (width 0.05))
    (fp_line (start -1.48 -0.73) (end 1.48 -0.73) (layer F.CrtYd) (width 0.05))
    (fp_line (start -1.48 0.73) (end -1.48 -0.73) (layer F.CrtYd) (width 0.05))
    (fp_line (start -0.162779 0.51) (end 0.162779 0.51) (layer F.SilkS) (width 0.12))
    (fp_line (start -0.162779 -0.51) (end 0.162779 -0.51) (layer F.SilkS) (width 0.12))
    (fp_line (start 0.8 0.4) (end -0.8 0.4) (layer F.Fab) (width 0.1))
    (fp_line (start 0.8 -0.4) (end 0.8 0.4) (layer F.Fab) (width 0.1))
    (fp_line (start -0.8 -0.4) (end 0.8 -0.4) (layer F.Fab) (width 0.1))
    (fp_line (start -0.8 0.4) (end -0.8 -0.4) (layer F.Fab) (width 0.1))
    (pad 2 smd roundrect (at 0.7875 0) (size 0.875 0.95) (layers F.Cu F.Paste F.Mask) (roundrect_rratio 0.25)
      (net 1 GND))
    (pad 1 smd roundrect (at -0.7875 0) (size 0.875 0.95) (layers F.Cu F.Paste F.Mask) (roundrect_rratio 0.25)
      (net 12 +3V3))
    (model ${KISYS3DMOD}/Capacitor_SMD.3dshapes/C_0603_1608Metric.wrl
      (at (xyz 0 0 0))
      (scale (xyz 1 1 1))
      (rotate (xyz 0 0 0))
    )
  )

  (module Capacitor_Tantalum_SMD:CP_EIA-3216-18_Kemet-A (layer F.Cu) (tedit 5B301BBE) (tstamp 5E51AF9A)
    (at 167.894 154.686)
    (descr "Tantalum Capacitor SMD Kemet-A (3216-18 Metric), IPC_7351 nominal, (Body size from: http://www.kemet.com/Lists/ProductCatalog/Attachments/253/KEM_TC101_STD.pdf), generated with kicad-footprint-generator")
    (tags "capacitor tantalum")
    (path /5DF0E505/5E56F3D1)
    (attr smd)
    (fp_text reference C12 (at 0 -1.75) (layer F.SilkS)
      (effects (font (size 1 1) (thickness 0.15)))
    )
    (fp_text value 22u/TA (at 0 1.75) (layer F.Fab)
      (effects (font (size 1 1) (thickness 0.15)))
    )
    (fp_text user %R (at 0 0) (layer F.Fab)
      (effects (font (size 0.8 0.8) (thickness 0.12)))
    )
    (fp_line (start 2.3 1.05) (end -2.3 1.05) (layer F.CrtYd) (width 0.05))
    (fp_line (start 2.3 -1.05) (end 2.3 1.05) (layer F.CrtYd) (width 0.05))
    (fp_line (start -2.3 -1.05) (end 2.3 -1.05) (layer F.CrtYd) (width 0.05))
    (fp_line (start -2.3 1.05) (end -2.3 -1.05) (layer F.CrtYd) (width 0.05))
    (fp_line (start -2.31 0.935) (end 1.6 0.935) (layer F.SilkS) (width 0.12))
    (fp_line (start -2.31 -0.935) (end -2.31 0.935) (layer F.SilkS) (width 0.12))
    (fp_line (start 1.6 -0.935) (end -2.31 -0.935) (layer F.SilkS) (width 0.12))
    (fp_line (start 1.6 0.8) (end 1.6 -0.8) (layer F.Fab) (width 0.1))
    (fp_line (start -1.6 0.8) (end 1.6 0.8) (layer F.Fab) (width 0.1))
    (fp_line (start -1.6 -0.4) (end -1.6 0.8) (layer F.Fab) (width 0.1))
    (fp_line (start -1.2 -0.8) (end -1.6 -0.4) (layer F.Fab) (width 0.1))
    (fp_line (start 1.6 -0.8) (end -1.2 -0.8) (layer F.Fab) (width 0.1))
    (pad 2 smd roundrect (at 1.35 0) (size 1.4 1.35) (layers F.Cu F.Paste F.Mask) (roundrect_rratio 0.185185)
      (net 1 GND))
    (pad 1 smd roundrect (at -1.35 0) (size 1.4 1.35) (layers F.Cu F.Paste F.Mask) (roundrect_rratio 0.185185)
      (net 12 +3V3))
    (model ${KISYS3DMOD}/Capacitor_Tantalum_SMD.3dshapes/CP_EIA-3216-18_Kemet-A.wrl
      (at (xyz 0 0 0))
      (scale (xyz 1 1 1))
      (rotate (xyz 0 0 0))
    )
  )

  (module TestPoint:TestPoint_Pad_2.0x2.0mm (layer F.Cu) (tedit 5A0F774F) (tstamp 5E516FF7)
    (at 34.2138 116.7638)
    (descr "SMD rectangular pad as test Point, square 2.0mm side length")
    (tags "test point SMD pad rectangle square")
    (path /5DFC2ACA/5E678D29)
    (attr virtual)
    (fp_text reference SPK2 (at 2.3114 -0.127 90) (layer F.SilkS)
      (effects (font (size 1 1) (thickness 0.15)))
    )
    (fp_text value "Speaker pin 2" (at 0 2.05) (layer F.Fab)
      (effects (font (size 1 1) (thickness 0.15)))
    )
    (fp_line (start 1.5 1.5) (end -1.5 1.5) (layer F.CrtYd) (width 0.05))
    (fp_line (start 1.5 1.5) (end 1.5 -1.5) (layer F.CrtYd) (width 0.05))
    (fp_line (start -1.5 -1.5) (end -1.5 1.5) (layer F.CrtYd) (width 0.05))
    (fp_line (start -1.5 -1.5) (end 1.5 -1.5) (layer F.CrtYd) (width 0.05))
    (fp_line (start -1.2 1.2) (end -1.2 -1.2) (layer F.SilkS) (width 0.12))
    (fp_line (start 1.2 1.2) (end -1.2 1.2) (layer F.SilkS) (width 0.12))
    (fp_line (start 1.2 -1.2) (end 1.2 1.2) (layer F.SilkS) (width 0.12))
    (fp_line (start -1.2 -1.2) (end 1.2 -1.2) (layer F.SilkS) (width 0.12))
    (fp_text user %R (at 0 -2) (layer F.Fab)
      (effects (font (size 1 1) (thickness 0.15)))
    )
    (pad 1 smd rect (at 0 0) (size 2 2) (layers F.Cu F.Mask)
      (net 1 GND))
  )

  (module TestPoint:TestPoint_Pad_2.0x2.0mm (layer F.Cu) (tedit 5A0F774F) (tstamp 5E516FE9)
    (at 34.036 109.8296)
    (descr "SMD rectangular pad as test Point, square 2.0mm side length")
    (tags "test point SMD pad rectangle square")
    (path /5DFC2ACA/5E67720D)
    (attr virtual)
    (fp_text reference SPK1 (at 2.3876 -0.8382 90) (layer F.SilkS)
      (effects (font (size 1 1) (thickness 0.15)))
    )
    (fp_text value "Speaker pin 1" (at 0 2.05) (layer F.Fab)
      (effects (font (size 1 1) (thickness 0.15)))
    )
    (fp_line (start 1.5 1.5) (end -1.5 1.5) (layer F.CrtYd) (width 0.05))
    (fp_line (start 1.5 1.5) (end 1.5 -1.5) (layer F.CrtYd) (width 0.05))
    (fp_line (start -1.5 -1.5) (end -1.5 1.5) (layer F.CrtYd) (width 0.05))
    (fp_line (start -1.5 -1.5) (end 1.5 -1.5) (layer F.CrtYd) (width 0.05))
    (fp_line (start -1.2 1.2) (end -1.2 -1.2) (layer F.SilkS) (width 0.12))
    (fp_line (start 1.2 1.2) (end -1.2 1.2) (layer F.SilkS) (width 0.12))
    (fp_line (start 1.2 -1.2) (end 1.2 1.2) (layer F.SilkS) (width 0.12))
    (fp_line (start -1.2 -1.2) (end 1.2 -1.2) (layer F.SilkS) (width 0.12))
    (fp_text user %R (at 0 -2) (layer F.Fab)
      (effects (font (size 1 1) (thickness 0.15)))
    )
    (pad 1 smd rect (at 0 0) (size 2 2) (layers F.Cu F.Mask)
      (net 234 "Net-(J12-Pad3)"))
  )

  (module TestPoint:TestPoint_Pad_2.0x2.0mm (layer F.Cu) (tedit 5A0F774F) (tstamp 5E516679)
    (at 36.83 120.6246 90)
    (descr "SMD rectangular pad as test Point, square 2.0mm side length")
    (tags "test point SMD pad rectangle square")
    (path /5DFC2ACA/5E676205)
    (attr virtual)
    (fp_text reference MIC2 (at -0.9144 2.3368 270) (layer F.SilkS)
      (effects (font (size 1 1) (thickness 0.15)))
    )
    (fp_text value "Microphone pin 2" (at 0 2.05 90) (layer F.Fab)
      (effects (font (size 1 1) (thickness 0.15)))
    )
    (fp_line (start 1.5 1.5) (end -1.5 1.5) (layer F.CrtYd) (width 0.05))
    (fp_line (start 1.5 1.5) (end 1.5 -1.5) (layer F.CrtYd) (width 0.05))
    (fp_line (start -1.5 -1.5) (end -1.5 1.5) (layer F.CrtYd) (width 0.05))
    (fp_line (start -1.5 -1.5) (end 1.5 -1.5) (layer F.CrtYd) (width 0.05))
